73845
73883
73903
73892
73896
73895
73917
73893
73937
73942
73938
73943
73958
73959
73944
73964
73974
73975
73966
73967
73968
73976
73965
73926
73972
73971
73970
73995
73994
73998
73982
73981
73985
73980
73984
73983
73979
73996
73986
73999
74000
73992
73991
73990
73989
73988
73987
73993
74004
74005
74002
74054
74001
74003
74046
74016
74017
74013
74006
74018
74008
74007
74009
74019
74025
74015
74014
74024
74011
74012
74023
74021
74022
73960
74037
74020
74031
74041
74040
74030
74039
74034
74035
74026
74027
74056
74032
74042
74038
74036
74057
74043
74033
74045
74029
74028
74044
74062
74120
74059
74125
74129
74150
74149
74154
74155
74156
74157
74158
74159
74160
74162
74161
74165
74166
74151
74048
74068
74069
74070
74072
74071
74055
74084
74085
74095
74086
74087
74088
74082
74079
74080
74081
74083
74078
74077
74076
74074
74050
74114
74113
74111
74112
74110
74109
74075
74049
74051
74108
74101
74106
74107
74105
74064
74065
74066
74073
74094
74093
74091
74090
74089
74104
74063
74123
74121
74124
74127
74193
74187
74188
74092
74103
74102
74098
74099
74122
74190
74189
74185
74192
74147
74186
74184
74191
74097
74096
74052
74208
74211
74210
74212
74213
74215
74209
74219
74220
74217
74216
74224
74222
74229
74223
74218
73845
73883
73903
73892
73896
73895
73917
73893
73937
73942
73938
73943
73958
73959
73944
73964
73974
73975
73966
73967
73968
73976
73965
73926
73972
73971
73970
73995
73994
73998
73982
73981
73985
73980
73984
73983
73979
73996
73986
73999
74000
73992
73991
73990
73989
73988
73987
73993
74004
74005
74002
74054
74001
74003
74046
74016
74017
74013
74006
74018
74008
74007
74009
74019
74025
74015
74014
74024
74011
74012
74023
74021
74022
73960
74037
74020
74031
74041
74040
74030
74039
74034
74035
74026
74027
74056
74032
74042
74038
74036
74057
74043
74033
74045
74029
74028
74044
74062
74120
74059
74125
74129
74150
74149
74154
74155
74156
74157
74158
74159
74160
74162
74161
74165
74166
74151
74048
74068
74069
74070
74072
74071
74055
74084
74085
74095
74086
74087
74088
74082
74079
74080
74081
74083
74078
74077
74076
74074
74050
74114
74113
74111
74112
74110
74109
74075
74049
74051
74108
74101
74106
74107
74105
74064
74065
74066
74073
74094
74093
74091
74090
74089
74104
74063
74123
74121
74124
74127
74193
74187
74188
74092
74103
74102
74098
74099
74122
74190
74189
74185
74192
74147
74186
74184
74191
74097
74096
74052
74208
74211
74210
74212
74213
74215
74209
74219
74220
74217
74216
74224
74222
74229
74223
74218
74226
74227
74228
74230
74225
74236
74237
74239
74231
74235
74233
74252
74243
74249
74242
74250
74238
72307
74263
74234
74248
74254
74253
74258
74259
74255
74247
74246
74251
74245
74244
74256
74261
74257
74264
74262
74266
74265
74241
74277
74278
74281
74300
74303
74304
74301
74302
74274
74268
74283
74284
74285
74286
74287
74288
74289
74290
74291
74292
74293
74294
74296
74297
74299
74308
74309
74310
74333
74334
74338
74337
74314
74311
74319
74312
74316
74331
74320
74323
74322
74324
74318
74321
74317
74348
74349
74350
72321
74358
74359
74360
74364
74367
